19.691691421248166
18.64437370277963
17.539401853088606
16.384354325874504
15.368583619266051
14.287446530016041
13.234700180592203
12.093147669187907
11.221237516312096
10.136638817831155
18.633493268289634
17.53940185308861
16.47216605300703
15.330613550096441
14.22441886037993
13.18002681802731
12.099061011040531
11.02133630798799
19.691691421248166
8.997686653822111
17.549008897588163
16.37667603132047
15.299089828223632
14.24088877043517
13.147992595623204
12.053900691907803
11.000159912139987
9.926046056071284
19.691691421248166
7.886575542711004
16.795074490067464
15.710845381994954
19.691691421248166
13.45896417952732
12.397393054354438
11.285977009050887
9.977354168616847
8.84613244915984
7.7402767222627835
6.818199474334936
15.682727515630003
14.63325918586322
13.488047922978023
12.364708219721575
11.297283043366221
10.159850882925756
8.867428501873833
7.737484999048975
6.665007905058483
5.67009384861737
14.621156399450037
13.527064497157792
12.366971689915474
11.302008963620992
10.212684344885915
9.002443475518422
7.757637446385889
6.6587363474847905
5.581584286423597
4.500503205342516
13.473711932036025
12.333461076947568
11.203517574129473
19.691691421248166
9.067208972606558
7.896248785252936
6.7509759244125975
5.594906560250747
19.691691421248166
3.3955308296519076
12.193702831349592
11.131003575240797
10.058042201850437
8.963950298130545
7.903504911067982
6.788829073182061
5.704521080979333
4.4294053947495815
19.691691421248166
2.2286696861279873
13.331359259104724
19.691691421248166
11.126418270226493
19.691691421248166
6.798532535377373
5.6923378451118865
4.53493043770448
3.3667061386390604
2.248137905976868
1.1682242990654208
14.442470370209838
15.59321835637773
19.691691421248166
9.04838276396837
7.882881598467206
6.8235595645689004
5.65224887345867
4.4903016442570385
19.691691421248166
0.0
