23.308354037088474
22.168680540269985
20.833185835232257
19.4998293264445
18.21093385086985
16.96141296133844
15.679520032423735
14.399110301685402
13.404558071288056
12.11755678433256
22.03609730421326
20.762213773503248
19.465197303566896
18.166496075460245
16.827808001601078
15.580197494527285
14.407194274676367
13.083320828055365
23.308354037088474
10.764376811403238
20.863752322865427
19.54274891091728
18.252426423415784
16.936636966264327
15.566773955025422
14.27811416142325
12.992767117748077
11.73014085512488
23.308354037088474
9.357907050503801
19.58862468252989
18.274831223959445
23.308354037088474
15.671821703892062
14.36463216177227
13.021508064562132
11.864680032233531
10.473859448090082
9.410081148337571
8.017424476777292
18.224368312751594
16.99277995862144
15.631477279368099
14.387612471701019
12.994769148119845
11.763646429345588
10.49182919063757
9.14230152532049
8.005586766315158
6.608973772551943
16.889254841931386
15.615369493251206
14.285582259459632
12.961078948225648
11.6097275968764
10.384336084518505
9.146213704717388
7.745653480627756
6.60109238429269
5.349527928723228
15.768435087379356
14.489662709444758
13.152764313813373
23.308354037088474
10.326030549379713
9.025640432344609
7.786065472095554
6.4401704519071306
23.308354037088474
3.9250265042218047
14.497093934842106
13.205104270854164
11.83524125716879
10.42480402162672
9.075276356309605
7.763014169718347
6.572753111846136
5.179136403987838
23.308354037088474
2.619543475501178
15.770979285029751
23.308354037088474
13.13563137420206
23.308354037088474
7.749016409360004
6.433226935675794
5.172192887756501
3.8581324409759494
2.5809932328022587
1.3054830287206265
17.02254374036729
18.39617011291706
23.308354037088474
10.348199563304583
8.987655345617512
7.720228222677081
6.505526221089834
5.175655497629441
23.308354037088474
0.0
